0.37309[63 65]
0.588623[65 65]
0.671671[63 62]
0.750038[65 62]
0.821204[63 64]
0.904009[63 63]
0.983125[64 62]
1.053923[63 63]
1.12728[65 63]
1.204524[65 64]
1.279064[63 64]
1.364905[64 63]
1.429309[63 64]
1.512176[63 61]
1.600694[64 64]
1.683238[64 64]
1.7652[63 65]
1.835595[64 63]
1.900923[63 62]
1.973766[65 65]
2.049931[63 65]
2.117011[64 62]
2.183994[64 64]
2.247898[63 61]
2.309473[64 64]
2.374131[63 64]
2.436165[64 62]
2.499547[64 63]
2.57888[64 63]
2.661313[63 61]
2.724907[64 63]
2.805365[64 64]
2.872767[63 62]
2.939159[65 65]
3.017411[63 64]
3.102732[63 63]
3.170559[63 63]
3.239202[63 64]
3.316682[65 65]
3.392577[65 65]
3.467148[64 62]
3.536918[63 62]
3.602784[63 63]
3.676132[64 64]
3.746406[63 62]
3.833448[63 63]
3.904311[63 62]
3.974452[63 64]
4.045056[64 64]
4.119411[65 63]
4.194357[64 64]
4.266807[63 60]
4.338547[63 64]
4.416681[64 64]
4.490602[63 63]
4.588315[63 62]
4.653485[64 63]
4.717627[63 63]
4.77969[65 66]
4.847997[63 66]
4.911111[65 64]
4.976536[63 61]
5.038258[64 65]
5.107966[63 62]
5.172415[64 62]
5.241127[64 63]
5.305993[64 62]
5.374122[65 65]
5.439966[63 63]
5.50884[65 63]
5.574589[63 63]
5.641854[65 64]
5.705287[63 62]
5.772062[64 64]
5.838237[64 61]
5.905421[64 64]
5.970069[64 64]
6.035419[63 62]
6.102377[65 63]
6.167428[63 63]
6.233229[65 65]
6.304866[63 62]
6.397564[63 64]
6.483401[64 64]
6.551629[63 64]
6.629717[63 66]
6.70129[63 62]
6.767845[63 63]
6.843549[64 63]
6.918825[63 65]
6.992176[65 64]
7.085193[65 64]
7.172118[64 61]
7.247925[65 65]
7.314383[64 61]
7.384808[63 63]
7.45079[65 62]
7.519205[64 65]
7.614687[64 63]
7.711338[65 64]
7.788626[64 63]
7.857759[65 63]
7.926644[63 61]
7.996097[64 64]
8.074095[65 66]
8.164517[63 63]
8.240262[65 64]
8.317813[65 63]
8.384426[63 61]
8.484487[64 62]
8.563206[65 65]
8.63942[63 66]
8.710477[65 63]
8.782802[63 64]
8.852719[65 63]
8.924784[64 61]
8.998093[64 64]
9.071825[65 66]
9.13607[63 63]
9.201461[65 63]
9.267165[63 65]
9.331639[65 65]
9.393739[64 60]
9.476635[63 62]
9.540488[65 65]
9.607742[63 63]
9.673413[65 62]
9.739235[63 63]
9.805183[65 64]
9.894824[65 62]
9.978061[64 61]
10.045043[65 67]
10.120183[63 62]
10.190207[64 64]
10.254149[64 62]
10.331517[63 65]
10.423538[65 63]
10.497583[63 64]
10.562041[64 62]
10.633659[64 61]
10.716475[64 63]
10.787103[65 67]
10.862025[63 61]
10.934616[64 63]
11.00401[64 62]
11.086983[64 63]
11.153444[65 67]
11.22353[63 64]
11.293725[65 62]
11.364986[63 63]
11.432488[64 62]
11.495935[64 63]
11.577185[63 64]
11.652956[65 63]
11.723733[63 62]
11.791957[65 66]
11.86095[64 62]
11.932595[64 62]
11.999863[65 65]
12.069108[63 64]
12.140762[65 67]
12.207865[64 63]
12.279098[64 63]
12.358774[65 63]
12.46434[64 62]
12.530674[64 63]
12.60137[65 63]
12.670469[63 64]
12.741201[65 64]
12.81357[63 65]
12.882135[64 62]
12.96899[65 64]
13.03769[63 64]
13.104033[65 66]
13.181514[63 64]
13.252038[64 61]
13.323028[64 62]
13.402745[64 61]
13.474939[65 66]
13.539935[63 64]
13.612508[65 64]
13.688051[63 63]
13.758602[64 63]
13.82344[65 63]
13.893013[64 66]
13.958059[65 64]
14.028451[63 62]
14.097126[65 63]
14.166938[63 62]
14.234223[64 65]
14.322049[65 64]
14.389777[63 62]
14.461131[65 66]
14.529374[63 62]
14.609556[64 64]
14.683632[64 62]
14.756803[63 66]
14.839848[63 65]
14.909857[64 64]
14.986622[63 61]
15.066839[65 64]
15.146656[65 65]
15.221466[64 63]
15.289699[64 62]
15.362165[63 63]
15.431628[65 66]
15.499436[63 63]
15.592725[63 65]
15.662626[64 61]
15.735976[63 64]
15.812682[63 63]
15.893473[64 60]
15.9645[65 64]
16.035828[65 63]
16.111589[63 64]
16.181867[65 64]
16.255426[64 63]
16.343335[63 64]
16.413765[65 63]
16.505842[64 63]
16.572144[65 64]
16.640878[63 64]
16.723823[63 61]
16.802984[65 64]
16.88921[65 65]
16.960613[64 63]
17.038161[65 63]
17.123441[64 62]
17.197277[65 64]
17.270372[64 64]
17.336877[64 63]
17.410218[65 63]
17.490972[63 63]
17.564285[63 64]
17.632142[64 64]
17.701829[64 63]
17.770851[65 65]
17.856192[64 62]
17.927747[65 65]
18.009648[65 64]
18.080982[63 64]
18.163367[64 62]
18.242366[63 64]
18.332825[63 62]
18.40251[65 65]
18.473826[63 63]
18.539963[65 66]
18.613844[64 60]
18.696072[63 62]
18.76871[65 64]
18.836111[63 64]
18.905774[65 63]
18.97344[64 62]
19.046482[64 63]
19.121712[65 65]
19.205271[63 61]
19.279239[65 66]
19.35054[63 61]
19.427759[63 66]
19.511903[65 63]
19.598162[65 63]
19.686449[63 65]
19.752697[65 64]
19.822627[63 66]
19.89135[65 62]
19.97427[63 62]
20.049636[63 63]
20.131016[65 65]
20.211967[64 63]
20.303995[63 65]
20.37368[65 65]
20.470235[64 62]
20.551958[64 66]
20.642777[65 65]
20.715425[63 61]
20.787405[65 65]
20.875565[65 65]
20.944528[63 64]
21.012572[65 64]
21.081092[63 64]
21.150099[65 63]
21.220163[64 61]
21.286841[63 66]
21.358378[65 62]
21.427506[63 62]
21.498831[65 63]
21.569574[63 64]
21.641234[64 63]
21.710057[64 63]
21.782507[63 64]
21.850573[65 63]
21.918541[64 64]
21.989465[65 67]
22.060233[63 65]
22.131898[64 62]
22.223237[65 64]
22.293951[63 62]
22.382744[63 64]
22.453647[64 61]
22.527372[63 66]
22.599303[65 63]
22.686831[65 62]
22.757474[65 65]
22.847521[65 64]
22.915522[63 65]
22.988425[65 66]
23.061294[63 62]
23.130905[65 66]
23.195287[64 65]
23.267564[64 65]
23.346807[65 66]
23.423081[64 63]
23.489542[65 65]
23.558167[64 65]
23.62616[64 65]
23.709754[65 66]
23.794921[64 65]
23.862279[64 63]
23.93022[64 63]
23.999547[64 63]
24.064439[65 66]
24.162812[64 64]
24.240261[63 62]
24.325949[65 64]
24.395995[63 65]
24.477265[63 64]
24.550812[64 64]
24.625135[63 66]
24.692559[65 64]
24.761161[63 64]
24.840234[65 64]
24.910439[64 64]
24.976421[64 63]
25.04842[65 66]
25.112832[63 65]
25.202994[64 65]
25.27054[64 64]
25.344735[64 63]
25.413866[65 67]
25.488245[63 66]
25.554064[65 64]
25.623934[63 63]
25.696194[65 63]
25.766831[64 64]
25.853249[63 61]
25.925573[65 65]
25.994185[63 61]
26.082211[63 63]
26.154518[65 64]
26.227617[63 65]
26.298291[65 65]
26.373501[64 61]
26.447461[63 63]
26.520188[65 63]
26.596009[63 62]
26.671918[65 65]
26.742355[63 64]
26.811164[64 66]
26.879727[64 64]
26.951674[64 65]
27.023228[65 67]
27.093857[63 64]
27.16284[65 64]
27.233843[63 61]
27.30797[64 63]
27.385942[65 66]
27.468156[64 64]
27.551697[63 63]
27.632724[64 62]
27.702724[63 66]
27.774755[65 65]
27.86224[65 64]
27.944959[63 65]
28.047762[64 63]
28.124364[64 61]
28.198471[63 66]
28.26765[65 65]
28.355881[65 65]
28.433875[64 62]
28.51255[64 66]
28.584111[63 63]
28.657837[65 66]
28.728498[64 62]
28.806668[63 65]
28.879071[65 63]
28.948885[63 64]
29.024952[65 65]
29.115571[65 66]
29.183479[64 63]
29.260831[65 67]
29.328321[63 62]
29.405255[64 65]
29.47002[64 61]
29.539322[64 66]
29.625551[65 65]
29.706339[64 63]
29.777151[65 65]
29.85307[65 64]
29.919807[64 64]
30.00625[65 67]
30.074418[63 63]
30.148848[65 65]
30.218126[64 65]
30.292131[64 63]
30.364423[65 66]
30.435053[63 64]
30.506413[65 65]
30.599451[65 66]
30.669145[63 65]
30.740333[65 64]
30.81036[63 63]
30.882654[65 65]
30.953227[64 63]
31.025496[64 65]
31.092173[65 65]
31.167056[63 64]
31.233107[65 64]
31.301452[63 64]
31.3709[65 65]
31.456912[65 66]
31.527561[63 64]
31.599131[65 67]
31.667054[63 63]
31.744775[65 67]
31.811481[64 63]
31.900232[63 65]
31.967784[65 63]
32.040471[63 65]
32.110507[65 64]
32.180981[63 64]
32.252504[64 65]
32.346388[65 65]
32.419482[64 61]
32.490389[65 64]
32.567529[65 65]
32.649372[63 64]
32.716391[65 66]
32.787926[64 64]
32.856091[65 64]
32.937874[65 64]
33.00678[63 63]
33.080212[65 63]
33.148387[63 63]
33.219064[65 65]
33.286719[64 63]
33.354411[64 65]
33.422668[64 63]
33.492599[63 64]
33.561384[65 65]
33.640463[65 64]
33.708351[64 66]
33.80098[65 64]
33.868529[64 64]
33.938204[65 64]
34.009916[63 64]
34.109136[63 63]
34.194508[64 65]
34.27232[65 64]
34.344573[64 64]
34.415207[65 68]
34.4838[63 64]
34.577661[63 64]
34.65408[64 63]
34.726402[63 64]
34.806294[65 65]
34.887808[65 65]
34.956867[64 66]
35.027889[64 64]
35.09911[63 64]
35.16909[65 66]
35.239632[63 66]
35.309431[65 64]
35.382333[63 64]
35.459316[64 63]
35.552623[64 66]
35.630551[65 66]
35.703711[64 65]
35.773016[65 63]
35.862424[64 65]
35.930857[65 64]
35.99721[63 61]
36.064386[65 63]
36.139445[65 65]
36.224201[63 63]
36.313549[63 66]
36.386878[64 64]
36.462554[64 66]
36.534161[65 64]
36.604208[63 64]
36.675929[65 64]
36.750061[64 65]
36.821084[64 64]
36.892603[65 66]
36.968167[64 62]
37.045747[65 65]
37.11078[64 64]
37.188007[64 64]
37.257127[65 66]
37.327184[63 64]
37.394058[65 67]
37.470478[65 64]
37.549416[64 66]
37.627328[65 64]
37.702013[63 62]
37.786629[63 67]
37.863835[65 65]
37.938899[64 63]
38.011929[65 66]
38.100394[65 66]
38.180738[63 63]
38.254058[65 66]
38.324783[63 63]
38.397506[65 67]
38.468467[64 61]
38.554474[63 66]
38.633453[65 66]
38.715343[64 65]
38.785076[65 66]
38.857795[64 63]
38.957477[64 63]
39.032615[65 66]
39.103908[64 63]
39.173626[64 63]
39.247731[65 65]
39.309043[63 66]
39.397222[64 65]
39.472938[64 62]
39.545452[64 64]
39.613306[65 67]
39.689521[63 63]
39.783034[63 65]
39.86281[65 64]
39.940116[63 66]
40.009086[65 65]
40.082345[63 63]
40.15087[64 66]
40.22687[65 67]
40.296989[63 64]
40.367405[65 65]
40.4419[63 65]
40.51384[64 63]
40.58661[65 66]
40.674433[64 64]
40.750929[65 64]
40.837098[65 65]
40.909814[63 65]
40.981669[65 68]
41.065142[65 65]
41.14688[64 65]
41.22076[65 66]
41.292119[63 66]
41.359129[65 65]
41.433669[64 63]
41.503552[64 65]
41.578879[65 64]
0.364069[61 61]
0.555171[56 56]
0.629116[56 58]
0.704393[55 58]
0.775881[55 58]
0.849135[54 54]
0.920204[54 58]
0.983904[55 55]
1.048111[54 55]
1.114479[56 58]
1.178023[54 58]
1.255572[56 56]
1.339883[56 57]
1.41514[54 55]
1.484467[56 58]
1.554837[55 56]
1.62662[56 60]
1.713632[57 59]
1.786139[55 58]
1.873352[57 58]
1.945117[58 58]
2.017384[59 59]
2.08374[62 61]
2.152113[60 61]
2.240289[61 64]
2.312389[61 60]
2.380359[62 61]
2.455318[63 63]
2.521183[62 63]
2.604711[62 63]
2.666844[64 62]
2.742989[64 64]
2.803976[63 62]
2.887978[61 61]
2.96166[62 63]
3.025787[59 59]
3.095018[59 58]
3.169069[56 56]
3.247005[55 56]
3.327474[56 58]
3.409842[56 56]
3.539671[56 57]
3.671507[57 57]
3.79969[58 59]
3.941236[58 59]
4.048489[57 56]
4.174022[58 59]
4.304266[56 56]
4.428293[57 57]
4.551587[57 59]
4.671323[56 60]
4.785118[56 58]
4.904889[57 57]
5.027628[57 59]
5.144504[56 58]
5.266874[55 57]
5.403719[55 58]
5.498533[57 57]
5.618735[57 57]
5.744886[57 58]
5.861768[55 54]
5.995675[57 58]
6.101634[57 58]
6.230504[57 57]
6.346718[55 58]
6.476978[55 54]
6.599663[56 56]
6.725727[55 55]
6.847695[55 56]
6.962204[56 56]
7.091564[55 58]
7.219756[55 56]
7.331486[56 56]
7.458939[55 57]
7.581219[57 60]
7.706358[56 57]
7.846573[56 57]
7.982516[56 58]
8.094835[57 60]
8.211654[57 57]
8.337764[57 61]
8.465142[56 57]
8.609517[56 57]
8.74121[56 56]
8.872032[56 59]
9.011531[56 57]
9.132055[56 59]
9.230246[57 59]
9.366974[57 58]
9.476914[56 55]
9.600256[57 56]
9.718162[55 58]
9.820911[55 56]
9.943432[56 58]
10.050806[57 58]
10.150201[57 61]
10.250109[57 57]
10.349888[56 55]
10.458193[56 56]
10.595084[56 58]
10.715129[56 56]
10.831711[56 59]
10.94905[56 57]
11.072363[57 58]
11.184083[57 59]
11.285561[57 57]
11.41975[57 57]
11.536239[56 57]
11.66666[57 57]
11.772567[56 58]
11.915104[56 55]
12.036607[55 58]
12.149553[55 57]
12.250215[55 60]
12.355524[56 57]
12.459617[57 58]
12.564944[57 59]
12.670078[55 56]
12.799658[56 57]
12.921097[55 56]
13.046881[56 58]
13.170033[55 57]
13.286875[56 58]
13.387541[56 56]
13.531259[56 59]
13.65497[55 59]
13.771997[57 58]
13.878216[57 61]
13.974518[57 59]
14.115135[57 58]
14.237452[57 58]
14.359521[55 56]
14.461842[55 57]
14.586746[56 57]
14.698595[55 58]
14.8326[55 57]
14.973568[55 58]
15.091276[55 58]
15.216551[55 58]
15.348804[55 57]
15.454855[57 56]
15.586233[56 57]
15.721817[56 57]
15.848652[55 58]
15.969036[57 57]
16.071286[57 61]
16.182461[57 56]
16.324657[57 56]
16.452553[57 60]
16.588687[57 60]
16.723086[57 59]
16.851275[57 60]
16.978438[56 57]
17.108868[57 59]
17.231679[56 55]
17.360075[57 57]
17.470101[56 57]
17.60281[57 60]
17.737981[57 59]
17.872247[57 59]
17.98896[56 56]
18.122979[57 59]
18.247352[56 57]
18.385244[57 58]
18.511449[57 60]
18.639198[56 54]
18.737214[56 55]
18.847664[55 57]
18.965305[55 59]
19.079761[57 56]
19.179582[56 58]
19.308155[55 57]
19.425725[57 60]
19.541017[57 58]
19.641406[56 58]
19.745803[55 57]
19.880776[55 56]
19.99675[56 57]
20.121166[55 59]
20.247666[56 58]
20.351236[56 56]
20.460038[57 58]
20.584167[56 56]
20.723607[56 58]
20.842392[57 60]
20.941172[57 57]
21.07476[57 59]
21.193596[56 55]
21.30812[56 58]
21.438408[57 59]
21.555909[55 57]
21.658401[56 56]
21.799741[55 58]
21.900586[56 57]
22.017458[57 58]
22.135237[57 59]
22.258695[57 57]
22.387045[57 58]
22.506631[57 59]
22.630114[57 58]
22.743599[57 57]
22.882024[57 58]
22.995101[55 58]
23.09815[56 57]
23.223758[55 56]
23.339855[56 56]
23.465455[56 56]
23.588204[56 58]
23.709002[56 58]
23.820247[57 58]
23.958684[57 58]
24.078748[57 59]
24.200523[57 57]
24.323018[56 58]
24.443559[57 58]
24.562874[56 55]
24.681166[56 57]
24.809448[57 57]
24.930393[57 58]
25.046273[55 57]
25.169518[57 57]
25.286289[56 57]
25.387466[56 57]
25.506842[56 58]
25.628961[57 58]
25.75171[57 58]
25.873881[58 58]
25.971062[58 59]
26.088503[56 56]
26.212664[56 57]
26.335117[55 57]
26.454491[56 57]
26.557922[55 56]
26.674401[56 58]
26.777963[57 57]
26.897092[57 61]
27.004961[57 58]
27.101533[56 56]
27.207042[56 58]
27.312189[57 57]
27.409635[57 58]
27.511523[57 58]
27.64255[58 58]
27.762246[56 57]
27.874865[55 58]
28.001681[57 58]
28.114071[55 59]
28.225404[56 59]
28.373801[55 58]
28.473808[56 57]
28.572039[57 57]
28.709201[57 57]
28.833299[57 57]
28.93437[57 58]
29.038052[55 57]
29.158984[55 59]
29.270798[55 58]
29.385192[56 60]
29.507783[56 57]
29.622179[57 61]
29.739805[57 59]
29.848342[57 60]
29.955527[56 55]
30.057756[55 59]
30.185705[56 56]
30.288149[56 57]
30.397412[57 56]
30.498529[57 60]
30.633439[56 58]
30.765553[56 56]
30.88143[57 60]
31.003717[57 61]
31.123286[56 58]
31.24302[58 58]
31.365565[56 57]
31.502941[57 59]
31.651402[58 61]
31.767218[56 56]
31.888105[57 61]
31.986564[55 56]
32.108465[55 56]
32.212302[56 56]
32.31195[57 57]
32.413072[57 61]
32.529564[56 57]
32.656098[57 59]
32.776487[55 55]
32.892395[55 56]
33.016988[56 57]
33.133855[55 58]
33.262991[56 57]
33.380465[56 58]
33.499207[57 57]
33.620099[56 58]
33.71977[57 59]
33.818137[57 58]
33.932112[56 57]
34.065712[55 56]
34.190269[55 55]
34.311533[57 58]
34.411904[58 59]
34.510047[63 65]
34.633967[64 63]
34.756542[63 63]
34.85163[65 65]
34.950657[64 63]
35.048028[63 64]
35.15029[63 65]
35.249034[64 62]
35.347991[64 63]
35.447665[63 61]
35.553356[63 62]
35.652272[63 62]
35.772847[63 62]
35.887862[65 63]
36.007004[65 64]
36.134648[65 66]
36.245527[65 65]
36.402605[63 62]
36.478884[64 63]
36.548272[63 66]
36.635177[63 63]
36.703136[64 63]
36.765291[64 65]
36.841715[65 67]
36.908806[63 65]
36.980319[65 64]
37.042837[63 63]
37.11836[63 65]
37.215329[64 66]
37.292337[63 66]
37.394255[63 64]
37.482302[64 65]
37.555724[63 64]
37.621718[64 62]
37.692259[63 62]
37.759434[63 66]
37.829638[65 64]
37.896674[63 66]
37.966604[65 65]
38.033066[63 63]
38.101622[64 62]
38.170507[63 62]
38.238343[64 63]
38.30321[64 63]
38.385305[63 64]
38.446699[65 66]
38.511733[63 65]
38.57567[65 67]
38.641214[63 61]
38.703794[64 63]
38.767647[63 62]
38.852846[63 64]
38.930549[64 63]
38.994845[63 65]
39.077034[63 63]
39.142914[63 61]
39.22581[63 63]
39.298791[64 63]
39.363569[63 66]
39.431568[65 65]
39.497918[63 64]
39.567178[64 64]
39.6303[63 63]
39.695391[64 64]
39.769371[63 61]
39.8377[62 63]
39.914071[63 64]
39.971925[62 63]
40.037252[63 64]
40.098558[62 60]
40.163302[63 62]
40.245389[63 63]
40.311197[62 62]
40.378986[64 62]
40.460337[63 61]
40.529251[64 64]
40.605153[63 62]
40.66499[63 62]
40.729886[63 61]
40.794108[63 65]
40.858728[63 64]
40.924761[63 62]
40.991447[64 62]
41.084015[63 62]
41.170316[63 62]
41.247901[64 64]
41.323407[63 62]
41.396357[65 65]
41.469502[63 62]
41.556386[63 63]
41.618206[65 64]
41.679496[63 63]
41.742373[65 65]
41.817492[63 66]
