[ 2250 -4350 10160][-0.02521775  0.16013426 -0.2004572 ][21147  2999]
[ 2250 -4350 10170][ 0.02062685  0.10087395  0.13430537][21175  3003]
[ 2250 -4350 10180][ 0.03253183  0.09400068  0.10930515][21303  3003]
[ 2250 -4350 10190][-0.0215818   0.14799315 -0.30382304][21145  2999]
[ 2250 -4350 10200][-0.01772867  0.16436655 -0.26367695][21259  3000]
[ 2250 -4350 10210][-0.01302005  0.16663015 -0.24199739][21183  3000]
[ 2250 -4350 10220][ 0.00256311  0.14860209 -0.23858608][21298  3000]
[ 2250 -4350 10230][-0.04580058  0.15200259 -0.32942679][21246  3002]
[ 2250 -4350 10240][-0.00591021  0.14830867 -0.31489348][21148  2996]
[ 2250 -4350 10250][-0.00586949  0.14821346 -0.2905443 ][21347  2998]
[ 2250 -4350 10260][ 0.02741735  0.09598757 -0.04165345][21176  2998]
[ 2250 -4350 10270][ 0.01613039  0.11650032  0.01966621][21252  3001]
[ 2250 -4350 10280][ 0.01926939  0.1237424  -0.04258644][21283  3000]
[ 2250 -4350 10290][ 0.03143445  0.12161256 -0.05474533][21134  3002]
[ 2250 -4350 10300][ 0.01918955  0.1235052  -0.11901064][21341  3002]
[ 2250 -4350 10310][ 0.01125093  0.13286476 -0.11937091][21186  3000]
[ 2250 -4350 10320][ 0.01941929  0.13767099 -0.06814507][21241  2997]
[ 2250 -4350 10330][-0.01053944  0.1728252  -0.40566683][21343  3002]
[ 2250 -4350 10340][ 0.0168837   0.15219769 -0.39021613][21115  2997]
[ 2250 -4350 10350][-0.00646811  0.17045876 -0.36754161][21258  3001]
[ 2250 -4350 10360][ 0.00125503  0.16555048 -0.45609478][21225  3000]
[ 2250 -4350 10370][-0.01104398  0.16789518 -0.45554815][21133  2996]
[ 2250 -4350 10380][-0.01520879  0.16533886 -0.48182258][21321  2999]
[ 2250 -4350 10390][-0.00567698  0.14607887 -0.25894319][21116  2999]
[ 2250 -4350 10400][-0.00191932  0.15765822 -0.27102263][21213  2998]
[ 2250 -4350 10410][-0.00682192  0.16434034 -0.41187944][21246  2999]
[ 2250 -4350 10420][-0.00253123  0.16681256 -0.38526207][21069  2998]
[ 2250 -4350 10430][ 0.00483772  0.17618383 -0.40982505][21254  2998]
[ 2250 -4350 10440][-0.01064069  0.16632474 -0.46318168][21138  3001]
[ 2250 -4350 10450][-0.01097662  0.1663284  -0.50046612][21091  2995]
[ 2250 -4350 10460][-0.00456237  0.19031524 -0.68605462][21250  3002]
[ 2250 -4350 10470][ 0.00274848  0.17192057 -0.73416009][21128  2999]
[ 2250 -4350 10480][ 0.02606797  0.16321056 -0.7828867 ][21266  3001]
[ 2250 -4350 10490][ 0.0062179   0.17914652 -0.7972419 ][21054  2996]
[ 2250 -4350 10500][ 0.01414365  0.18838096 -0.80989577][21156  2996]
[ 2250 -4350 10510][ 0.0099862   0.16721816 -0.86126965][21160  2999]
[ 2250 -4350 10520][ 0.00726048  0.17348722 -0.71478359][21015  2994]
[ 2250 -4350 10530][ 0.01055906  0.17086579 -0.85542473][21158  2998]
[ 2250 -4350 10540][ 0.00740115  0.16396809 -0.74212456][21010  2997]
[ 2250 -4350 10550][ 0.01888763  0.17114984 -0.7898991 ][21002  2999]
[ 2250 -4350 10560][ 0.02180601  0.16892397 -0.9047248 ][21149  2999]
[ 2250 -4350 10570][ 0.01828804  0.17555658 -0.91883653][20922  3002]
[ 2250 -4350 10580][ 0.00221881  0.16602712 -0.8923986 ][21058  3002]
[ 2250 -4350 10590][ 0.00360602  0.16403045 -1.25556935][20928  3001]
[ 2250 -4350 10600][ 0.00418273  0.1549838  -1.12756548][20911  2997]
[ 2250 -4350 10610][ 0.01953886  0.14637866 -1.15074622][21038  2999]
[ 2250 -4350 10620][ 0.0354635   0.16498715 -1.2156826 ][20833  2997]
[ 2250 -4350 10630][ 0.03902439  0.17202286 -1.27851997][20900  3000]
[ 2250 -4350 10640][ 0.0387331   0.15772786 -1.3044503 ][20900  3001]
[ 2250 -4350 10650][ 0.03093187  0.16246953 -1.30530269][20727  2996]
[ 2250 -4350 10660][ 0.0119541   0.16369595 -1.20821228][20891  2998]
[ 2250 -4350 10670][ 0.00315669  0.16845902 -1.33561142][20735  2997]
[ 2250 -4350 10680][ 0.02660253  0.1730982  -1.34851243][20723  2994]
[ 2250 -4350 10690][ 0.03045855  0.17568126 -1.38455618][20843  2999]
[ 2250 -4350 10700][ 0.01064082  0.18730786 -1.44903086][20619  2998]
[ 2250 -4350 10710][ 0.02624307  0.15453044 -1.43695756][20828  2999]
[ 2250 -4350 10720][ 0.05539367  0.11799808 -1.66858608][20553  2996]
[ 2250 -4350 10730][ 0.05210328  0.15307052 -1.63181853][20677  2997]
[ 2250 -4350 10740][ 0.05584365  0.1413329  -1.65694962][20566  2995]
[ 2250 -4350 10750][ 0.06676098  0.1391934  -1.71928346][20494  2993]
[ 2250 -4350 10760][ 0.05944295  0.13881549 -1.74654191][20647  2998]
[ 2250 -4350 10770][ 0.05432971  0.12263582 -1.80830662][20376  2994]
[ 2250 -4350 10780][ 0.01276821  0.19866503 -1.70283463][20430  2994]
[ 2250 -4350 10790][ 0.02362     0.1681783  -1.82858765][20443  2999]
[ 2250 -4350 10800][ 0.00417165  0.17962297 -1.85656094][20238  2995]
[ 2250 -4350 10810][-0.00304501  0.19818238 -1.82031084][20451  3001]
[ 2250 -4350 10820][ 0.02687874  0.18462601 -1.94246474][20248  2996]
[ 2250 -4350 10830][-0.0040151   0.19339826 -1.95891452][20244  2999]
[ 2250 -4350 10840][ 0.00756569  0.18179559 -1.94497656][20306  2999]
[ 2250 -4350 10850][ 0.06411734  0.11978199 -2.17595086][20030  2996]
[ 2250 -4350 10860][ 0.07982957  0.11545811 -2.14881378][20147  2996]
[ 2250 -4350 10870][ 0.09912448  0.12726893 -2.27537808][20072  3002]
[ 2250 -4350 10880][ 0.09115537  0.12231891 -2.28883192][19935  2995]
[ 2250 -4350 10890][ 0.0748592   0.12675657 -2.30284439][20051  2998]
[ 2250 -4350 10900][ 0.06617591  0.1309269  -2.42995163][19806  2998]
[ 2250 -4350 10910][ 0.01303922  0.19988173 -2.35053569][19851  2997]
[ 2250 -4350 10920][ 0.01694571  0.19776521 -2.35008397][19858  3001]
[ 2250 -4350 10930][ 0.01582148  0.18366933 -2.43716172][19644  2993]
[ 2250 -4350 10940][ 0.01986731  0.20888976 -2.50301317][19759  2999]
[ 2250 -4350 10950][ 0.02732627  0.18155723 -2.53858291][19630  2995]
[ 2250 -4350 10960][ 0.02339616  0.18379185 -2.53996363][19652  2998]
[ 2250 -4350 10970][ 0.01873357  0.20444067 -2.6013511 ][19475  2999]
[ 2250 -4350 10980][ 0.10032515  0.11491401 -2.72051231][19416  2990]
[ 2250 -4350 10990][ 0.10769401  0.11974109 -2.73121694][19492  3001]
[ 2250 -4350 11000][ 0.10323017  0.11260713 -2.80766324][19190  2997]
[ 2250 -4350 11010][ 0.11109798  0.10316401 -2.87157629][19269  2997]
[ 2250 -4350 11020][ 0.10636774  0.11472169 -2.94874126][19202  2996]
[ 2250 -4350 11030][ 0.09384246  0.12129344 -3.03627758][19021  2994]
[ 2250 -4350 11040][ 0.1057711   0.0960504  -3.04909415][19082  2996]
[ 2250 -4350 11050][ 0.04785568  0.18113379 -3.01926233][18880  2996]
[ 2250 -4350 11060][ 0.03557149  0.19683934 -3.07151262][18883  2995]
[ 2250 -4350 11070][ 0.03080605  0.18527098 -3.17128651][18912  2993]
[ 2250 -4350 11080][ 0.03085661  0.16188187 -3.18502272][18616  2989]
[ 2250 -4350 11090][ 0.03037945  0.18525107 -3.22267832][18695  3000]
[ 2250 -4350 11100][ 0.03013268  0.1988403  -3.27444908][18583  3000]
[ 2250 -4350 11110][ 0.10313244  0.12793728 -3.44163858][18411  2987]
[ 2250 -4350 11120][ 0.12724567  0.11415154 -3.46743444][18463  2996]
[ 2250 -4350 11130][ 0.11789408  0.10962054 -3.52881258][18164  2993]
[ 2250 -4350 11140][ 0.12949347  0.09332857 -3.62912147][18187  2994]
[ 2250 -4350 11150][ 0.10558877  0.09752305 -3.63135113][18162  2998]
[ 2250 -4350 11160][ 0.1290227   0.0978069  -3.69275808][17884  2988]
[ 2250 -4350 11170][ 0.0627891   0.16869965 -3.70245182][17937  2996]
[ 2250 -4350 11180][ 0.06184574  0.17304152 -3.80288532][17771  2989]
[ 2250 -4350 11190][ 0.06531141  0.18032559 -3.91706209][17711  2990]
[ 2250 -4350 11200][ 0.06907899  0.17315524 -3.98108526][17720  2993]
[ 2250 -4350 11210][ 0.08073756  0.15737427 -3.94094108][17511  2989]
[ 2250 -4350 11220][ 0.05226091  0.14480172 -4.04417236][17526  2993]
[ 2250 -4350 11230][ 0.0731393   0.17076387 -4.01918724][17202  2988]
[ 2250 -4350 11240][ 0.04014717  0.146822   -4.14703882][17234  2991]
[ 2250 -4350 11250][ 0.13304854  0.0829079  -4.30146743][17055  2995]
[ 2250 -4350 11260][ 0.13245606  0.0783093  -4.37755593][16900  2988]
[ 2250 -4350 11270][ 0.14789336  0.08796469 -4.44035064][16936  2991]
[ 2250 -4350 11280][ 0.14741636  0.09718856 -4.54209627][16641  2994]
[ 2250 -4350 11290][ 0.13852579  0.07814006 -4.63081861][16597  2987]
[ 2250 -4350 11300][ 0.14227906  0.09907973 -4.70784679][16592  2989]
[ 2250 -4350 11310][ 0.08779206  0.13517058 -4.70142086][16340  2993]
[ 2250 -4350 11320][ 0.09452533  0.1447259  -4.81343559][16413  2992]
[ 2250 -4350 11330][ 0.09514447  0.16773817 -4.80395129][16170  2990]
[ 2250 -4350 11340][ 0.09891597  0.16100792 -4.80213503][16036  2989]
[ 2250 -4350 11350][ 0.09832596  0.1517219  -4.89120947][16033  2990]
[ 2250 -4350 11360][ 0.09759033  0.14668631 -5.00580557][15729  2993]
[ 2250 -4350 11370][ 0.09308904  0.13474633 -5.1334499 ][15727  2984]
[ 2250 -4350 11380][ 0.15045537  0.06357579 -5.2383755 ][15588  2990]
[ 2250 -4350 11390][ 0.17348799  0.08248175 -5.31299493][15352  2989]
[ 2250 -4350 11400][ 0.16432664  0.06825148 -5.50375801][15411  2990]
[ 2250 -4350 11410][ 0.17182643  0.0681638  -5.55394991][15138  2988]
[ 2250 -4350 11420][ 0.17476043  0.07049478 -5.69297428][15166  2985]
[ 2250 -4350 11430][ 0.16675316  0.06549675 -5.75762159][15102  2988]
[ 2250 -4350 11440][ 0.1243723   0.11837307 -5.70028744][14829  2985]
[ 2250 -4350 11450][ 0.13124065  0.11385259 -5.86389839][14877  2988]
[ 2250 -4350 11460][ 0.13599402  0.14380114 -5.79100156][14634  2984]
[ 2250 -4350 11470][ 0.1186611   0.1203782  -5.90136724][14682  2989]
[ 2250 -4350 11480][ 0.12998166  0.10877558 -5.99118665][14512  2992]
[ 2250 -4350 11490][ 0.10598049  0.13138497 -6.13394961][14411  2986]
[ 2250 -4350 11500][ 0.19941426  0.06766594 -6.26353519][14409  2986]
[ 2250 -4350 11510][ 0.20932836  0.06526549 -6.40049031][14150  2989]
[ 2250 -4350 11520][ 0.19378482  0.05583352 -6.4652622 ][14169  2984]
[ 2250 -4350 11530][ 0.21258806  0.06735406 -6.59232035][14084  2989]
[ 2250 -4350 11540][ 0.19582217  0.05786491 -6.71931955][13861  2986]
[ 2250 -4350 11550][ 0.21065259  0.04336855 -6.8963857 ][13963  2984]
[ 2250 -4350 11560][ 0.22266559  0.04158416 -6.88297225][13802  2983]
[ 2250 -4350 11570][ 0.15153499  0.0918918  -7.00317973][13753  2988]
[ 2250 -4350 11580][ 0.14347169  0.08677704 -7.00477821][13750  2985]
[ 2250 -4350 11590][ 0.1707021   0.11786147 -7.05301557][13515  2989]
[ 2250 -4350 11600][ 0.14241012  0.08218316 -7.14362633][13535  2989]
[ 2250 -4350 11610][ 0.15710203  0.09140732 -7.33316345][13466  2984]
[ 2250 -4350 11620][ 0.16897428  0.07995431 -7.35738518][13320  2985]
[ 2250 -4350 11630][ 0.22966351  0.02451995 -7.56565416][13354  2985]
[ 2250 -4350 11640][ 0.24064184  0.01312234 -7.71700869][13126  2985]
[ 2250 -4350 11650][ 0.23999185  0.02677286 -7.89629994][13145  2980]
[ 2250 -4350 11660][ 0.23844094  0.00811287 -8.02091115][13136  2983]
[ 2250 -4350 11670][ 0.26181509  0.00833811 -8.07036423][12951  2981]
[ 2250 -4350 11680][  2.41879943e-01   5.57343962e-03  -8.11094489e+00][13021  2986]
[ 2250 -4350 11690][ 0.24899705 -0.01266498 -8.15870875][12869  2984]
[ 2250 -4350 11700][ 0.1903449   0.06325172 -8.29280946][12889  2988]
[ 2250 -4350 11710][ 0.20088726  0.06532767 -8.4583611 ][12716  2983]
[ 2250 -4350 11720][ 0.20812162  0.0609823  -8.54476345][12690  2984]
[ 2250 -4350 11730][ 0.20311844  0.06315682 -8.68415723][12719  2983]
[ 2250 -4350 11740][ 0.19823866  0.05529111 -8.88905664][12491  2984]
[ 2250 -4350 11750][ 0.2175418   0.06746939 -8.98960715][12548  2980]
[ 2250 -4350 11760][ 0.27413704 -0.01367147 -9.19625056][12454  2983]
[ 2250 -4350 11770][ 0.30107782 -0.03879505 -9.32326279][12382  2984]
[ 2250 -4350 11780][ 0.29540317 -0.05095782 -9.52425781][12453  2982]
[ 2250 -4350 11790][ 0.29056587 -0.04420462 -9.63895489][12267  2982]
[ 2250 -4350 11800][ 0.30267762 -0.0460962  -9.60016476][12261  2979]
[ 2250 -4350 11810][ 0.30195278 -0.05090755 -9.71559136][12247  2987]
[ 2250 -4350 11820][ 0.23430754  0.01552779 -9.85987997][12077  2980]
[ 2250 -4350 11830][  0.22982148   0.02248929 -10.02469062][12125  2978]
[ 2250 -4350 11840][  2.32242040e-01   6.02913919e-03  -1.02283509e+01][12013  2982]
[ 2250 -4350 11850][  2.43780202e-01  -8.05424258e-04  -1.03166968e+01][11954  2981]
[ 2250 -4350 11860][  0.26587395   0.02286798 -10.51683088][11998  2983]
[ 2250 -4350 11870][  2.64975631e-01   3.80826804e-03  -1.06691142e+01][11809  2981]
[ 2250 -4350 11880][  0.32175978  -0.08182146 -10.85273103][11823  2980]
[ 2250 -4350 11890][  0.34027446  -0.10747466 -11.05419266][11806  2980]
[ 2250 -4350 11900][  0.33516998  -0.10504973 -11.19211884][11677  2981]
[ 2250 -4350 11910][  0.35414199  -0.10274085 -11.37067013][11789  2982]
[ 2250 -4350 11920][  0.36531852  -0.11911085 -11.47127588][11619  2981]
[ 2250 -4350 11930][  0.35369173  -0.10762472 -11.47061892][11587  2984]
[ 2250 -4350 11940][  0.35971055  -0.11678733 -11.67206018][11624  2982]
[ 2250 -4350 11950][  0.28503557  -0.03615273 -11.82114845][11504  2978]
[ 2250 -4350 11960][  0.29944793  -0.05454681 -11.91793211][11530  2983]
[ 2250 -4350 11970][  0.30881696  -0.0620955  -12.3118405 ][11363  2983]
[ 2250 -4350 11980][  0.31176487  -0.07352992 -12.45082752][11437  2981]
[ 2250 -4350 11990][  0.31469552  -0.08548545 -12.6279792 ][11341  2986]
[ 2250 -4350 12000][  0.30581722  -0.08578817 -12.81882573][11262  2984]
[ 2250 -4350 12010][  0.40214989  -0.18925143 -13.03647674][11338  2980]
[ 2250 -4350 12020][  0.41247122  -0.1961307  -13.14893635][11181  2982]
[ 2250 -4350 12030][  0.39919278  -0.19447849 -13.40480478][11187  2977]
[ 2250 -4350 12040][  0.42142632  -0.19929815 -13.68339309][11220  2979]
[ 2250 -4350 12050][  0.42196094  -0.19418937 -13.59358761][11076  2984]
[ 2250 -4350 12060][  0.41663478  -0.20606099 -13.77111004][11154  2982]
[ 2250 -4350 12070][  0.36110078  -0.16915621 -13.92943935][11048  2984]
[ 2250 -4350 12080][  0.37079318  -0.16235983 -14.19341693][11026  2979]
[ 2250 -4350 12090][  0.38193719  -0.14618361 -14.42224544][11061  2986]
[ 2250 -4350 12100][  0.39630825  -0.18807548 -14.62481192][10908  2979]
[ 2250 -4350 12110][  0.41088439  -0.17422282 -14.87700424][10949  2983]
[ 2250 -4350 12120][  0.41252136  -0.20455622 -15.07848131][10924  2984]
[ 2250 -4350 12130][  0.42301302  -0.1975814  -15.35758611][10828  2979]
[ 2250 -4350 12140][  0.49900916  -0.28973143 -15.61517192][10894  2981]
[ 2250 -4350 12150][  0.50118498  -0.2879272  -15.94418451][10754  2986]
