[ 2250 -4350 10160][ 0.00713948  0.10249571 -0.53228239][21380  3003]
[ 2250 -4350 10170][ 0.03090235  0.08424188 -0.49322479][21179  3000]
[ 2250 -4350 10180][ 0.01098618  0.10032057 -0.5198768 ][21232  2999]
[ 2250 -4350 10190][ 0.01896489  0.07693428 -0.54539447][21354  3004]
[ 2250 -4350 10200][ 0.04689636  0.08921623 -0.53025204][21170  2998]
[ 2250 -4350 10210][ 0.03463296  0.07710863 -0.53050218][21346  2999]
[ 2250 -4350 10220][ 0.01965101  0.09554403 -0.50887345][21209  3005]
[ 2250 -4350 10230][ 0.05694403  0.06461256 -0.1968993 ][21198  3000]
[ 2250 -4350 10240][ 0.0563392   0.03672399 -0.15700526][21379  3004]
[ 2250 -4350 10250][ 0.0572097   0.07391266 -0.15980272][21181  2999]
[ 2250 -4350 10260][ 0.04072655  0.06876444 -0.27391315][21303  3002]
[ 2250 -4350 10270][ 0.05648793  0.07336334 -0.28561612][21277  3006]
[ 2250 -4350 10280][ 0.04425926  0.07094848 -0.29873999][21157  2997]
[ 2250 -4350 10290][ 0.03339008  0.09526347 -0.72267803][21325  3001]
[ 2250 -4350 10300][ 0.03321323  0.10460589 -0.68245419][21191  2998]
[ 2250 -4350 10310][ 0.03376001  0.08123514 -0.65846451][21217  3000]
[ 2250 -4350 10320][ 0.03333784  0.09989247 -0.74619214][21292  3003]
[ 2250 -4350 10330][ 0.04912449  0.10033751 -0.6946028 ][21163  3001]
[ 2250 -4350 10340][ 0.04101071  0.09992233 -0.73269676][21345  3003]
[ 2250 -4350 10350][ 0.02391173  0.10503264 -0.44001497][21158  3004]
[ 2250 -4350 10360][ 0.03245603  0.09126428 -0.36352428][21250  3000]
[ 2250 -4350 10370][ 0.03953444  0.10962012 -0.51530672][21143  3006]
[ 2250 -4350 10380][ 0.03151106  0.10462396 -0.47869311][21158  2999]
[ 2250 -4350 10390][ 0.03970688  0.11903987 -0.46547322][21317  3004]
[ 2250 -4350 10400][ 0.02651251  0.10248057 -0.55225203][21120  3001]
[ 2250 -4350 10410][ 0.02725756  0.11501462 -0.96303516][21188  3002]
[ 2250 -4350 10420][ 0.04323037  0.11087544 -1.000119  ][21208  3006]
[ 2250 -4350 10430][ 0.03111542  0.12221246 -1.02591862][21052  3002]
[ 2250 -4350 10440][ 0.04669698  0.11320221 -1.03724265][21246  3001]
[ 2250 -4350 10450][ 0.0586583   0.11079058 -1.06209235][21074  3004]
[ 2250 -4350 10460][ 0.04276024  0.10605156 -1.04990183][21101  3001]
[ 2250 -4350 10470][ 0.05843615  0.10629445 -1.10079791][21220  3007]
[ 2250 -4350 10480][ 0.02096001  0.11876723 -0.84379727][21033  3000]
[ 2250 -4350 10490][ 0.04900053  0.1210814  -0.80588092][21196  3004]
[ 2250 -4350 10500][ 0.04019976  0.12620152 -0.89257285][21098  3006]
[ 2250 -4350 10510][-0.00316401  0.14616062 -0.93580365][21036  3000]
[ 2250 -4350 10520][ 0.0201534   0.12779341 -0.95857667][21175  3004]
[ 2250 -4350 10530][ 0.01626709  0.13943656 -1.02216658][20984  3000]
[ 2250 -4350 10540][ 0.05635665  0.1007753  -1.37927626][21076  2999]
[ 2250 -4350 10550][ 0.06050903  0.08932934 -1.34179368][21108  3002]
[ 2250 -4350 10560][ 0.05626733  0.08669151 -1.37953442][20917  2999]
[ 2250 -4350 10570][ 0.0711848   0.09644664 -1.48098402][21105  3003]
[ 2250 -4350 10580][ 0.09109049  0.08973033 -1.46647373][20968  3005]
[ 2250 -4350 10590][ 0.07539763  0.09855295 -1.46671452][21060  3006]
[ 2250 -4350 10600][ 0.01054981  0.15527562 -1.2890721 ][20895  3005]
[ 2250 -4350 10610][-0.00138781  0.16211335 -1.27715175][20856  2997]
[ 2250 -4350 10620][ 0.01060097  0.1693114  -1.34000741][21013  3006]
[ 2250 -4350 10630][ 0.01861832  0.16464812 -1.35502053][20793  2996]
[ 2250 -4350 10640][ 0.00942607  0.13662102 -1.45321212][20923  3001]
[ 2250 -4350 10650][ 0.0093479   0.15514393 -1.49238599][20856  3000]
[ 2250 -4350 10660][ 0.08904892  0.08445848 -1.7708163 ][20690  3000]
[ 2250 -4350 10670][ 0.09765492  0.07990772 -1.74697753][20923  3003]
[ 2250 -4350 10680][ 0.07661403  0.08644925 -1.78364505][20688  3000]
[ 2250 -4350 10690][ 0.08861752  0.07966809 -1.86032627][20752  2999]
[ 2250 -4350 10700][ 0.09245767  0.07265188 -1.87305749][20807  2999]
[ 2250 -4350 10710][ 0.09220335  0.07296333 -1.8468991 ][20584  2997]
[ 2250 -4350 10720][ 0.08854024  0.07928766 -1.96359475][20713  3001]
[ 2250 -4350 10730][ 0.04692295  0.16024254 -1.79418781][20605  3001]
[ 2250 -4350 10740][ 0.0304533   0.15043185 -1.84505698][20521  2994]
[ 2250 -4350 10750][ 0.03007294  0.12709547 -1.87035935][20646  2998]
[ 2250 -4350 10760][ 0.02972246  0.12693302 -1.95790826][20361  2997]
[ 2250 -4350 10770][ 0.03403026  0.12942812 -1.90787071][20473  3002]
[ 2250 -4350 10780][ 0.04484576  0.14094758 -2.0579354 ][20421  2999]
[ 2250 -4350 10790][ 0.11444717  0.08177645 -2.21551637][20277  2993]
[ 2250 -4350 10800][ 0.09375661  0.0699902  -2.29192435][20390  3001]
[ 2250 -4350 10810][ 0.10583434  0.05364787 -2.24026507][20205  2998]
[ 2250 -4350 10820][ 0.11331862  0.0815851  -2.38140121][20203  2996]
[ 2250 -4350 10830][ 0.10994891  0.07453636 -2.29206116][20271  2999]
[ 2250 -4350 10840][ 0.10850242  0.04163634 -2.41727214][20109  2998]
[ 2250 -4350 10850][ 0.04720152  0.11985762 -2.36481765][20189  2998]
[ 2250 -4350 10860][ 0.03932021  0.13396323 -2.36414585][19902  2995]
[ 2250 -4350 10870][ 0.05838056  0.13623961 -2.42468781][20011  2996]
[ 2250 -4350 10880][ 0.04662457  0.13850541 -2.41487313][19873  3002]
[ 2250 -4350 10890][ 0.0456496   0.14764033 -2.54136329][19791  2998]
[ 2250 -4350 10900][ 0.06967475  0.14789347 -2.59076262][19914  3004]
[ 2250 -4350 10910][ 0.06506268  0.14559103 -2.60439997][19642  2995]
[ 2250 -4350 10920][ 0.12987356  0.05076854 -2.7467049 ][19716  2995]
[ 2250 -4350 10930][ 0.1376139   0.04183716 -2.78323506][19704  3000]
[ 2250 -4350 10940][ 0.14126634  0.05322683 -2.85968633][19504  2991]
[ 2250 -4350 10950][ 0.13329882  0.06249273 -2.82203151][19616  2999]
[ 2250 -4350 10960][ 0.13701014  0.05540494 -2.90006354][19425  2995]
[ 2250 -4350 10970][ 0.12473739  0.03879879 -2.97566389][19380  2994]
[ 2250 -4350 10980][ 0.12907268  0.07369944 -2.98874529][19450  3001]
[ 2250 -4350 10990][ 0.07048089  0.13556871 -2.98328819][19151  2991]
[ 2250 -4350 11000][ 0.08552656  0.13146391 -3.06966408][19245  2997]
[ 2250 -4350 11010][ 0.06104395  0.13078804 -3.15920412][19141  2998]
[ 2250 -4350 11020][ 0.08836388  0.13831757 -3.18384715][18988  2992]
[ 2250 -4350 11030][ 0.07275527  0.12861522 -3.19772108][19116  2998]
[ 2250 -4350 11040][ 0.15821939  0.02182379 -3.2412482 ][18868  2994]
[ 2250 -4350 11050][ 0.14995255  0.04496302 -3.34207758][18837  2995]
[ 2250 -4350 11060][ 0.1573787   0.01709673 -3.40547166][18894  2999]
[ 2250 -4350 11070][ 0.15724138  0.02625882 -3.41883789][18607  2995]
[ 2250 -4350 11080][ 0.18387079  0.01070704 -3.42631794][18732  2998]
[ 2250 -4350 11090][ 0.1796287   0.00777029 -3.55586083][18449  2990]
[ 2250 -4350 11100][  1.79096001e-01   3.23030621e-03  -3.64390320e+00][18515  2995]
[ 2250 -4350 11110][ 0.09351699  0.11898062 -3.69075256][18347  2996]
[ 2250 -4350 11120][ 0.10464254  0.08907306 -3.72567852][18237  2995]
[ 2250 -4350 11130][ 0.08910701  0.12099572 -3.7540624 ][18289  2999]
[ 2250 -4350 11140][ 0.08870347  0.11147039 -3.86861068][17993  2995]
[ 2250 -4350 11150][ 0.09928488  0.10933456 -3.96822895][18072  2996]
[ 2250 -4350 11160][ 0.12290589  0.10051475 -3.97976962][17958  2997]
[ 2250 -4350 11170][ 0.18896579 -0.00457196 -3.96285366][17706  2992]
[ 2250 -4350 11180][  1.92165383e-01   2.51492451e-03  -4.05092310e+00][17855  2996]
[ 2250 -4350 11190][ 0.20355543  0.00461822 -4.15180473][17596  2991]
[ 2250 -4350 11200][ 0.21175554 -0.00907608 -4.07712593][17558  2990]
[ 2250 -4350 11210][  2.18633582e-01   5.07492897e-05  -4.23984522e+00][17519  2995]
[ 2250 -4350 11220][ 0.22666045 -0.02284948 -4.20113701][17239  2991]
[ 2250 -4350 11230][ 0.20211455 -0.01848344 -4.32893202][17251  2993]
[ 2250 -4350 11240][ 0.11913789  0.10919036 -4.56070931][17097  2992]
[ 2250 -4350 11250][ 0.11493979  0.1159007  -4.61391737][16917  2991]
[ 2250 -4350 11260][ 0.13425653  0.10472697 -4.70145831][16935  2995]
[ 2250 -4350 11270][ 0.11705356  0.09933859 -4.81581949][16628  2991]
[ 2250 -4350 11280][ 0.12866917  0.07873912 -4.86498693][16631  2992]
[ 2250 -4350 11290][ 0.1329193   0.09039494 -4.89043544][16567  2990]
[ 2250 -4350 11300][ 0.12368105  0.0993169  -5.0562915 ][16375  2990]
[ 2250 -4350 11310][ 0.22711276 -0.0125576  -4.80159818][16369  2990]
[ 2250 -4350 11320][ 0.22254362 -0.0097819  -4.84972345][16178  2990]
[ 2250 -4350 11330][ 0.22627646 -0.02664498 -4.9008729 ][16107  2995]
[ 2250 -4350 11340][ 0.24945608 -0.04069322 -5.01495596][15910  2991]
[ 2250 -4350 11350][ 0.24164135 -0.00805535 -5.04267627][15777  2993]
[ 2250 -4350 11360][ 0.2602021  -0.04287968 -5.15395844][15742  2991]
[ 2250 -4350 11370][ 0.13635281  0.09462929 -5.52411549][15436  2989]
[ 2250 -4350 11380][ 0.14331087  0.08984798 -5.67450062][15435  2990]
[ 2250 -4350 11390][ 0.11875258  0.1030076  -5.81620046][15327  2995]
[ 2250 -4350 11400][ 0.12225377  0.09129517 -5.91731565][15130  2987]
[ 2250 -4350 11410][ 0.15369674  0.09664763 -5.92705665][15139  2988]
[ 2250 -4350 11420][ 0.12887906  0.07750995 -6.0564894 ][14932  2990]
[ 2250 -4350 11430][ 0.26400108 -0.04785755 -5.77451536][14904  2988]
[ 2250 -4350 11440][ 0.29118993 -0.0591452  -5.81078893][14885  2990]
[ 2250 -4350 11450][ 0.27938067 -0.05707901 -5.81151157][14611  2987]
[ 2250 -4350 11460][ 0.286251   -0.06172819 -5.91104619][14633  2986]
[ 2250 -4350 11470][ 0.26266257 -0.04358516 -5.99120004][14456  2993]
[ 2250 -4350 11480][ 0.25343667 -0.02520511 -6.15440591][14361  2985]
[ 2250 -4350 11490][ 0.28070153 -0.05538519 -6.23032641][14395  2993]
[ 2250 -4350 11500][ 0.18752662  0.04958479 -6.76130154][14118  2986]
[ 2250 -4350 11510][ 0.17450856  0.07496889 -6.86229479][14133  2987]
[ 2250 -4350 11520][ 0.18589131  0.05419326 -6.96319565][14055  2992]
[ 2250 -4350 11530][ 0.18515487  0.04937149 -7.06392884][13900  2987]
[ 2250 -4350 11540][ 0.19973065  0.0540754  -7.2416626 ][13920  2986]
[ 2250 -4350 11550][ 0.18335032  0.05834849 -7.29227361][13797  2992]
[ 2250 -4350 11560][ 0.27211897 -0.00733925 -6.97957231][13733  2985]
[ 2250 -4350 11570][ 0.2725013  -0.04480471 -6.98028846][13750  2992]
[ 2250 -4350 11580][ 0.26800809 -0.0422319  -7.01782897][13582  2985]
[ 2250 -4350 11590][ 0.26673496 -0.03334423 -7.22221227][13576  2985]
[ 2250 -4350 11600][ 0.26642609 -0.03786169 -7.2706721 ][13356  2988]
[ 2250 -4350 11610][ 0.28156002 -0.02412111 -7.38627421][13392  2986]
[ 2250 -4350 11620][ 0.27991948 -0.0612098  -7.57434292][13274  2987]
[ 2250 -4350 11630][ 0.225183    0.0210998  -8.11296159][13175  2991]
[ 2250 -4350 11640][ 0.22474113  0.02567179 -8.21461329][13223  2990]
[ 2250 -4350 11650][ 0.24351972  0.0092481  -8.36599698][13008  2990]
[ 2250 -4350 11660][ 0.24227732  0.00901234 -8.51660235][13078  2988]
[ 2250 -4350 11670][  2.61615267e-01   6.95212726e-03  -8.60408671e+00][13018  2988]
[ 2250 -4350 11680][  2.37246918e-01   6.61959091e-03  -8.61710406e+00][12821  2986]
[ 2250 -4350 11690][ 0.31436844 -0.05236515 -8.33152365][12901  2986]
[ 2250 -4350 11700][ 0.30187291 -0.06416523 -8.45968334][12725  2985]
[ 2250 -4350 11710][ 0.29713675 -0.06675082 -8.54813133][12699  2981]
[ 2250 -4350 11720][ 0.30820145 -0.06422035 -8.76418558][12690  2988]
[ 2250 -4350 11730][ 0.3184723  -0.06640004 -8.91314066][12477  2986]
[ 2250 -4350 11740][ 0.30989624 -0.07157056 -9.06680582][12534  2985]
[ 2250 -4350 11750][ 0.29467702 -0.02144991 -9.51488977][12446  2989]
[ 2250 -4350 11760][ 0.30046665 -0.05862472 -9.73948446][12387  2986]
[ 2250 -4350 11770][ 0.29237818 -0.04979973 -9.89440517][12425  2987]
[ 2250 -4350 11780][  0.30202286  -0.06144215 -10.11955183][12241  2986]
[ 2250 -4350 11790][ 0.30345892 -0.06590684 -9.95542971][12245  2984]
[ 2250 -4350 11800][  0.2977201   -0.06876791 -10.2094196 ][12219  2991]
[ 2250 -4350 11810][ 0.30782245 -0.07919463 -9.95296489][12064  2986]
[ 2250 -4350 11820][  0.33041174  -0.09747195 -10.06431566][12099  2987]
[ 2250 -4350 11830][  0.31422819  -0.09805706 -10.21917481][11922  2983]
[ 2250 -4350 11840][  0.30869606  -0.10048064 -10.395516  ][11992  2984]
[ 2250 -4350 11850][  0.34658677  -0.10945651 -10.58303685][11892  2986]
[ 2250 -4350 11860][  0.33415105  -0.0984021  -10.74826339][11834  2986]
[ 2250 -4350 11870][  0.34831054  -0.11216887 -10.93753054][11861  2991]
[ 2250 -4350 11880][  0.35192135  -0.10612081 -11.53599448][11688  2984]
[ 2250 -4350 11890][  0.34698314  -0.11346181 -11.63625631][11750  2987]
[ 2250 -4350 11900][  0.36900237  -0.13654094 -11.90070582][11723  2986]
[ 2250 -4350 11910][  0.36435432  -0.11572602 -11.91182883][11564  2985]
[ 2250 -4350 11920][  0.36886778  -0.12702387 -11.92617186][11646  2984]
[ 2250 -4350 11930][  0.34747016  -0.15333865 -12.14221881][11532  2987]
[ 2250 -4350 11940][  0.36076722  -0.16599317 -11.99809336][11494  2981]
[ 2250 -4350 11950][  0.37565631  -0.16132828 -12.20007646][11526  2991]
[ 2250 -4350 11960][  0.3861757   -0.16843644 -12.35270332][11350  2987]
[ 2250 -4350 11970][  0.36886568  -0.17338759 -12.58076817][11404  2983]
[ 2250 -4350 11980][  0.36347199  -0.17560046 -12.77057827][11366  2989]
[ 2250 -4350 11990][  0.39763316  -0.17305234 -12.99528486][11256  2980]
[ 2250 -4350 12000][  0.40981782  -0.21871626 -13.37782165][11326  2983]
[ 2250 -4350 12010][  0.42482333  -0.21415019 -13.62192849][11172  2985]
[ 2250 -4350 12020][  0.43832659  -0.22335278 -13.90996319][11220  2982]
[ 2250 -4350 12030][  0.45275551  -0.25111129 -14.04741213][11177  2989]
[ 2250 -4350 12040][  0.44894801  -0.24405954 -14.02160106][11085  2981]
[ 2250 -4350 12050][  0.44677871  -0.25386206 -14.29944686][11133  2982]
[ 2250 -4350 12060][  0.45785514  -0.25606466 -14.43927849][11026  2987]
[ 2250 -4350 12070][  0.39629792  -0.19728847 -14.42740488][11049  2985]
[ 2250 -4350 12080][  0.41117618  -0.21564367 -14.60344449][10940  2987]
[ 2250 -4350 12090][  0.43338179  -0.22027259 -14.84313615][10938  2983]
[ 2250 -4350 12100][  0.41991848  -0.22739887 -15.05879541][10962  2989]
[ 2250 -4350 12110][  0.42970623  -0.25779205 -15.31041063][10814  2982]
[ 2250 -4350 12120][  0.45196476  -0.2483146  -15.61401897][10873  2986]
[ 2250 -4350 12130][  0.51333938  -0.33345643 -16.18392269][10814  2984]
[ 2250 -4350 12140][  0.52905155  -0.35172635 -16.29793332][10770  2985]
[ 2250 -4350 12150][  0.55408231  -0.38169521 -16.67608711][10828  2984]
